1194686644645797980
1389087705438097418
1205767866557796372
1381090912578441296
1194119936839274577
1229716511401316404
1229716774195433472
1380893805162528878
1302993772006609007
1281154949077798912
1281155099590135878
1281155158922760273
1281155174253199444
1281155289625923676
1281155308684574723
1281162728366538784
1281162745600937994
1281155597718257664
1281155620782735461
1281162942200545380
1281162959850176574
1281163276008292352
1282037994890461265
1281163249127002152
1281163551700025426
1281163587011739710
1281163648672337951
1338655679946424433
1390281457297133719
1383407381630812220
1431969497748865110
1447446885391667231
1447446924335648860
1447447176874561566
1316193271894114314
1281655231809191936
